1000	56886.6667	7.1768	97759.3333	13.8388	110770.3333	30.7876
3000	56835.6667	8.3327	111299.0000	6.6627	144906.6667	84.1879
5000	56849.0000	12.4305	137679.6667	46.0248	184817.3333	145.8041
7000	56890.0000	4.2341	162257.0000	41.7009	224464.0000	43.9534
9000	57159.0000	23.3195	193181.3333	337.8565	267041.0000	241.9045
11000	64991.3333	10.6288	241815.3333	97.8270	331764.0000	699.3114
13000	82716.6667	35.1750	318206.3333	138.7910	463611.6667	792.7975
15000	100439.6667	30.3830	428951.3333	522.8090	633430.6667	864.1357
17000	142382.3333	92.8944	707402.0000	216.0627	1114094.6667	1423.6438
19000	320111.0000	353.7714	1878331.3333	1462.9732	2434997.3333	822.0046
21000	436028667.0000	450757.5987	614259869.0000	652229.7534	618063917.3333	661063.8877
23000			
25000			
27000			
29000			
31000			
33000			
35000			
37000			
39000			
41000			
43000			
45000			
47000			
49000			
51000			
53000			
55000			
57000			
