1000	57809.0000	40.0509	99020.6667	161.9327	113607.0000	2119.1564
3000	57810.3333	44.4298	112719.0000	52.9402	146845.3333	229.2620
5000	57764.3333	16.6397	139354.0000	132.7923	186306.3333	142.2898
7000	57857.3333	34.2902	164414.3333	314.0153	227110.6667	352.4373
9000	58220.3333	38.7436	196080.6667	245.0381	271644.3333	383.1636
11000	66633.3333	89.5630	246041.3333	380.1281	338081.3333	978.3829
13000	84548.3333	102.0637	324256.3333	890.8364	472629.3333	2443.9038
15000	102820.6667	136.2833	443447.0000	1571.1144	652840.0000	3203.7060
17000	148028.3333	1046.5108	744610.3333	8599.7277	1181130.3333	15631.4946
19000	358690.6667	4227.1476	2100451.0000	20608.8424	2777725.6667	32626.9007
21000	547540247.6667	8962590.1611	775739544.0000	13307275.2191	781631257.0000	12313438.5246
23000			
25000			
27000			
29000			
31000			
33000			
35000			
37000			
39000			
41000			
43000			
45000			
47000			
49000			
51000			
53000			
55000			
57000			
