1000	81166.0000	2.4445	134340.0000	127.9500	154451.0000	175.1202
3000	81169.6667	11.4038	152505.3333	59.0920	203461.3333	432.7429
5000	81148.0000	9.6020	179328.0000	84.7169	234819.0000	890.6489
7000	81196.0000	20.9881	204251.3333	6.1520	279308.3333	160.9120
9000	81260.0000	14.4326	232094.0000	85.4494	317143.3333	299.7516
11000	81333.3333	33.0090	267971.0000	85.9773	374250.3333	164.6772
13000	81723.0000	18.1997	310770.3333	79.0741	429385.3333	101.3502
15000	94815.0000	38.8390	369392.3333	52.5626	529824.0000	152.1944
17000	114560.3333	22.6762	445118.6667	111.7996	644964.6667	209.9963
19000	133953.6667	42.0813	555085.6667	192.6532	788282.6667	271.9019
21000	155333.0000	39.6654	753755.0000	508.6047	1068340.0000	167.2099
23000	211794.6667	43.6546	1105035.3333	970.2440	1671797.6667	16457.6262
25000	349304.6667	210.5038	2216965.6667	5285.7025	3829195.3333	8581.3523
27000	2429917.6667	7254.4342	14608956.6667	190777.5462	16966686.6667	193415.8937
29000	672901505.0000	1549116.5446	980086416.3333	1855699.7984	989329971.6667	2065838.1495
31000			
33000			
35000			
37000			
39000			
41000			
43000			
45000			
47000			
49000			
51000			
53000			
55000			
57000			
