1000	82820.6667	22.0462	136660.0000	214.8742	156924.3333	127.2318
3000	82700.3333	21.0762	154869.6667	14.3238	205906.3333	219.6412
5000	82662.3333	33.9775	182596.0000	310.0863	238077.3333	742.8956
7000	82693.6667	22.7887	207497.0000	226.8262	283826.3333	341.6194
9000	82746.3333	8.9740	236195.0000	68.4786	320702.3333	333.9375
11000	82858.6667	29.7009	272640.0000	51.9636	381186.0000	345.6176
13000	83443.6667	24.3989	316810.0000	217.4805	437010.6667	319.7255
15000	97639.0000	53.5654	377143.6667	280.6633	541531.0000	510.8708
17000	117650.0000	60.0570	455680.3333	441.6942	660697.3333	189.4539
19000	137384.6667	49.4322	570291.3333	73.8026	811005.6667	498.9357
21000	161120.6667	84.0459	782508.3333	596.5791	1113188.3333	1969.1806
23000	221826.6667	136.6024	1166389.0000	1269.8686	1775727.3333	1749.4862
25000	382779.0000	850.5105	2498839.0000	4335.1588	4402423.6667	33875.1737
27000	10515549.6667	252523.1006	39972901.0000	800439.3630	42359317.3333	789838.1807
29000	767721677.0000	4368118.6894	1122292260.6667	7071458.5449	1131550056.0000	7083890.8467
31000			
33000			
35000			
37000			
39000			
41000			
43000			
45000			
47000			
49000			
51000			
53000			
55000			
57000			
