1000	81793.3333	18.6706	135462.0000	204.6822	155516.0000	54.9810
3000	81724.0000	27.7648	153604.6667	26.4955	204609.0000	573.8841
5000	81694.6667	4.1663	180989.0000	230.7719	235730.0000	148.7651
7000	81713.6667	12.0232	205961.6667	68.9032	281189.0000	313.6993
9000	81769.3333	4.2675	234429.6667	151.1908	319132.0000	337.2504
11000	81873.6667	9.3009	270302.3333	123.5796	378700.3333	570.6278
13000	82366.3333	31.2828	314021.6667	55.7927	433410.3333	226.5293
15000	96244.3333	19.6072	373892.0000	97.6991	536592.6667	190.2184
17000	116166.0000	19.2926	451181.6667	37.4438	653859.0000	523.4859
19000	135807.0000	17.8205	563882.3333	200.2578	801745.3333	811.3234
21000	158556.3333	107.4742	771461.0000	359.8117	1094557.0000	480.5221
23000	217474.3333	67.9362	1141188.3333	1057.5597	1734313.3333	1462.5159
25000	368507.0000	320.4985	2383258.3333	792.6553	4164245.0000	7569.7290
27000	4043156.3333	13195.4291	17511408.0000	37676.8580	19577071.0000	29582.5755
29000	728257286.0000	347912.7699	1058839893.6667	1560262.3830	1069886437.3333	1512809.2032
31000			
33000			
35000			
37000			
39000			
41000			
43000			
45000			
47000			
49000			
51000			
53000			
55000			
57000			
