1000	56518.0000	1.8479	86189.3333	254.3311	107141.0000	12.4990
3000	56498.0000	3.3313	102716.3333	71.5472	129214.3333	583.9508
5000	56489.6667	5.8678	106820.3333	29.1057	147235.6667	199.2428
7000	56495.6667	4.7413	122159.3333	117.3469	164211.3333	456.3638
9000	56498.0000	4.2341	136488.6667	40.5523	181653.6667	105.8696
11000	56516.6667	1.9234	147771.0000	91.6578	200914.6667	475.2005
13000	56548.0000	6.9757	162336.3333	43.3110	219578.6667	110.9602
15000	56588.3333	3.8467	179546.6667	21.4177	255371.3333	129.5919
17000	56712.3333	6.1520	198228.3333	50.9963	281776.6667	79.5476
19000	57073.3333	5.4138	219416.0000	42.0474	314928.6667	152.3551
21000	63512.3333	21.7930	247817.0000	105.4925	347762.3333	111.2637
23000	72834.3333	20.2709	281291.3333	81.7912	402601.3333	441.0037
25000	81670.3333	55.6011	314449.6667	323.0274	454350.0000	169.1086
27000	90828.0000	0.0000	370638.0000	0.0000	535802.0000	0.0000
29000	100716.0000	223.1346	447529.5000	1734.4905	676985.5000	5071.8082
31000	115523.5000	14.5523	537373.5000	1763.5950	747525.0000	4195.2080
33000	141928.0000	0.0000	729842.0000	0.0000	1051259.0000	0.0000
35000	195425.0000	96.1311	1025630.0000	459.7786	1327425.6667	585.4321
37000	331890.3333	504.6046	1901109.0000	1940.3751	2486187.3333	2336.4374
39000	1959793.0000	14038.2406	10765802.0000	100403.1194	12205716.3333	149164.2615
41000			
43000			
45000			
47000			
49000			
51000			
53000			
55000			
57000			
