1000	81593.0000	24.4978	113846.3333	294.8848	157607.0000	83.4683
3000	81504.0000	33.3521	147396.0000	40.3905	176013.6667	89.3818
5000	81481.3333	25.2246	153594.3333	47.8883	200235.3333	422.0253
7000	81493.5000	25.6397	157504.0000	133.0492	214811.0000	816.3124
9000	81476.5000	36.7271	178199.0000	177.3989	230876.5000	749.0948
11000	81470.0000	9.6020	192662.6667	144.2354	259011.0000	292.5081
13000	81511.3333	27.9842	209067.3333	119.7663	282695.3333	13.4635
15000	81528.0000	13.0993	219426.3333	100.5808	299686.6667	320.6134
17000	81582.6667	18.5788	235830.3333	56.5073	328926.6667	333.3849
19000	81615.3333	9.1155	255088.6667	55.8769	356447.6667	143.9539
21000	81694.3333	27.4763	277788.6667	20.5012	392298.6667	124.7621
23000	81816.6667	10.3025	296942.3333	206.0588	415072.3333	760.9975
25000	82069.3333	27.7391	319816.6667	48.0840	451026.0000	644.5278
27000	85268.3333	179.0570	347510.6667	524.1854	489717.0000	872.3343
29000	97755.6667	2808.1007	384803.6667	6238.5511	566889.0000	20926.8972
31000	106944.0000	31.7791	421767.0000	177.1389	609825.6667	429.6434
33000	117232.0000	81.0555	465591.0000	417.6420	660656.3333	477.9225
35000	127912.6667	59.7458	528723.0000	319.0769	780551.3333	646.5191
37000	139068.0000	89.5233	601948.6667	706.8917	893540.0000	1147.7179
39000	150662.3333	81.1519	698808.6667	726.1508	993948.6667	989.7827
41000	166362.3333	112.4050	799650.0000	822.4628	1142256.3333	2257.3183
43000	195773.0000	87.6100	970819.0000	654.1606	1343799.6667	649.0395
45000	234426.0000	438.1904	1236654.0000	2381.0606	1739669.3333	2129.5272
47000	300609.3333	89.8961	1591307.0000	1171.8924	2271176.3333	732.0076
49000	441905.6667	516.7816	2456878.6667	4363.2017	3589564.6667	8430.1148
51000	946603.3333	1715.6057	5129517.6667	13650.3299	6653024.6667	7088.2456
53000			
55000			
57000			
