1000	81166.3333	27.4141	147725.3333	143.3240	186433.6667	797.7199
3000	81121.6667	1.9234	190839.3333	246.2960	248403.0000	1437.2154
5000	81239.3333	29.9300	247971.0000	370.9046	344422.3333	1232.7534
7000	85253.3333	15.3034	334418.6667	100.7928	464743.3333	600.1871
9000	123941.6667	4.3664	478600.6667	582.9705	648758.3333	123.0951
11000	178089.3333	136.5493	804312.0000	624.8299	1158868.3333	1572.6997
13000	582891.3333	1595.2367	3899021.0000	21724.8893	5446423.0000	10377.4731
15000	660157340.3333	102464.7343	1155129103.3333	162039.4187	1161053501.6667	223924.6429
17000			
19000			
21000			
23000			
25000			
27000			
29000			
31000			
33000			
35000			
37000			
39000			
41000			
43000			
45000			
47000			
49000			
51000			
53000			
55000			
57000			
