1000	56502.6667	1.0669	98916.0000	132.1641	113264.3333	58.6206
3000	56467.3333	1.0669	114218.3333	66.9424	148739.0000	87.7561
5000	56480.3333	5.0887	141523.3333	110.9679	189786.3333	217.2887
7000	56538.3333	19.7375	168323.0000	83.4990	232504.3333	355.5170
9000	56792.6667	3.8467	201886.3333	35.3686	281193.0000	391.3364
11000	67705.3333	22.9381	256148.0000	36.8540	352124.3333	99.7969
13000	86441.6667	22.7887	343793.6667	259.3829	503699.3333	754.2203
15000	105802.0000	38.8390	479334.6667	321.2066	707006.0000	294.2134
17000	164350.0000	25.5218	868914.3333	314.8855	1406825.0000	229.0341
19000	556544.3333	1318.1658	3104526.6667	3206.9734	3829697.6667	3354.0712
21000			
23000			
25000			
27000			
29000			
31000			
33000			
35000			
37000			
39000			
41000			
43000			
45000			
47000			
49000			
51000			
53000			
55000			
57000			
