1000	81530.0000	27.2214	137320.3333	68.4620	158323.0000	73.8989
3000	81498.3333	1.9234	156125.0000	60.0284	210134.3333	44.5641
5000	81508.3333	23.7608	187105.0000	205.3858	245243.3333	156.6211
7000	81516.0000	17.3103	212796.6667	190.0478	292129.6667	963.3219
9000	81573.3333	2.1338	244622.6667	67.5518	333013.3333	77.0841
11000	81720.3333	9.6168	284839.0000	124.0026	400627.0000	1030.9306
13000	83364.3333	53.3365	334595.0000	317.8035	464774.6667	652.8473
15000	101729.3333	43.3504	403197.0000	173.8432	579101.0000	258.8437
17000	123139.3333	60.6885	494938.0000	280.9957	717801.6667	478.6552
19000	144529.3333	60.6253	637595.6667	253.9935	906260.0000	760.0932
21000	178941.6667	116.6391	906809.3333	898.5603	1295812.6667	1018.7008
23000	264213.6667	395.5363	1483486.6667	1507.9115	2260594.3333	4289.4193
25000	590716.6667	2438.5593	4027430.0000	7374.9801	6977636.6667	20920.1263
27000			
29000			
31000			
33000			
35000			
37000			
39000			
41000			
43000			
45000			
47000			
49000			
51000			
53000			
55000			
57000			
